Individual 	SNP	DiseaseStatus
1	1	1
2	2	0
3	2	1
4	0	0
5	2	0
6	0	1
7	0	0
8	1	1
9	0	0
10	0	0
11	0	0
12	1	0
13	2	0
14	1	0
15	2	0
16	1	0
17	2	1
18	2	1
19	0	0
20	0	0
21	1	0
22	2	0
23	2	0
24	2	0
25	0	0
26	2	0
27	0	0
28	2	0
29	2	0
30	0	0
31	2	0
32	2	0
33	0	1
34	1	0
35	1	1
36	2	0
37	0	1
38	2	0
39	2	1
40	2	1
41	0	0
42	1	0
43	1	0
44	2	0
45	0	0
46	1	0
47	1	0
48	0	0
49	2	0
50	0	1
51	2	0
52	0	1
53	1	0
54	2	0
55	0	1
56	1	0
57	0	0
58	2	0
59	1	0
60	2	0
61	2	0
62	1	0
63	2	0
64	2	1
65	1	0
66	1	0
67	0	0
68	2	0
69	0	0
70	1	0
71	0	0
72	1	0
73	2	0
74	2	1
75	0	1
76	0	0
77	1	0
78	0	0
79	1	0
80	1	0
81	1	0
82	0	0
83	2	0
84	2	0
85	1	0
86	0	1
87	2	0
88	1	1
89	2	0
90	1	0
91	2	0
92	2	0
93	2	1
94	1	1
95	2	0
96	0	1
97	1	0
98	2	0
99	0	1
100	1	1
101	1	1
102	1	0
103	1	0
104	1	0
105	0	1
106	1	0
107	0	0
108	0	0
109	0	0
110	2	1
111	0	1
112	0	1
113	1	0
114	2	0
115	1	1
116	0	0
117	1	1
118	0	0
119	1	0
120	1	0
121	1	1
122	1	0
123	0	0
124	1	0
125	2	0
126	0	1
127	0	0
128	1	0
129	0	0
130	0	0
131	0	0
132	0	0
133	1	1
134	1	0
135	2	0
136	2	0
137	2	0
138	1	0
139	2	0
140	1	0
141	1	0
142	1	0
143	0	1
144	0	0
145	0	0
146	1	0
147	1	0
148	2	0
149	0	0
150	2	0
151	0	0
152	2	0
153	2	1
154	2	0
155	2	0
156	0	0
157	2	0
158	1	1
159	0	1
160	1	1
161	0	0
162	0	1
163	1	0
164	0	0
165	2	0
166	0	0
167	0	0
168	2	0
169	1	0
170	1	0
171	1	0
172	1	1
173	2	0
174	1	1
175	0	0
176	2	0
177	2	0
178	0	0
179	0	0
180	1	0
181	0	0
182	0	0
183	1	0
184	0	1
185	0	0
186	2	0
187	0	0
188	2	0
189	0	0
190	2	0
191	0	0
192	2	0
193	2	1
194	1	0
195	1	0
196	0	0
197	2	0
198	2	0
199	2	1
200	0	0
201	1	0
202	0	0
203	1	0
204	0	0
205	1	0
206	1	0
207	1	0
208	0	0
209	0	1
210	1	0
211	0	0
212	2	0
213	2	1
214	1	0
215	2	0
216	0	1
217	1	1
218	0	0
219	0	1
220	2	0
221	0	0
222	0	1
223	1	0
224	1	0
225	1	0
226	2	0
227	0	0
228	2	0
229	2	0
230	2	0
231	2	0
232	2	0
233	1	0
234	1	0
235	0	0
236	0	1
237	1	0
238	0	0
239	1	0
240	0	0
241	0	0
242	0	0
243	0	0
244	1	1
245	1	1
246	1	0
247	1	0
248	0	1
249	1	0
250	2	0
251	2	1
252	2	0
253	0	0
254	1	1
255	0	0
256	2	0
257	1	0
258	2	0
259	1	0
260	0	0
261	1	0
262	1	0
263	2	0
264	2	0
265	1	0
266	1	0
267	1	1
268	0	0
269	1	0
270	1	0
271	0	0
272	2	0
273	2	1
274	2	0
275	1	0
276	0	0
277	0	0
278	1	0
279	1	0
280	0	1
281	0	0
282	1	0
283	1	0
284	1	0
285	2	0
286	0	0
287	2	0
288	1	0
289	1	0
290	1	1
291	0	0
292	2	0
293	2	0
294	2	0
295	1	0
296	2	0
297	2	0
298	1	0
299	2	0
300	2	0
301	1	0
302	0	0
303	0	0
304	2	1
305	2	0
306	0	0
307	0	0
308	1	0
309	0	1
310	1	0
311	0	1
312	1	0
313	1	0
314	0	0
315	0	0
316	1	0
317	2	0
318	0	0
319	2	0
320	1	0
321	1	1
322	1	0
323	1	0
324	0	0
325	0	1
326	0	0
327	0	0
328	0	1
329	0	1
330	1	0
331	2	1
332	0	0
333	1	0
334	2	0
335	0	0
336	0	0
337	2	0
338	2	0
339	0	0
340	1	0
341	2	0
342	0	0
343	1	0
344	0	0
345	2	0
346	1	1
347	1	0
348	2	0
349	2	1
350	1	0
351	0	0
352	2	1
353	1	0
354	2	0
355	2	0
356	2	1
357	2	1
358	2	1
359	2	0
360	0	1
361	1	1
362	0	0
363	1	1
364	2	0
365	0	0
366	1	1
367	2	0
368	2	0
369	1	1
370	1	0
371	1	0
372	1	0
373	1	0
374	0	0
375	1	1
376	2	0
377	1	1
378	0	0
379	2	0
380	1	0
381	0	0
382	0	1
383	1	0
384	2	1
385	0	0
386	2	1
387	1	0
388	0	0
389	0	0
390	1	0
391	0	0
392	1	0
393	2	0
394	1	1
395	0	0
396	1	1
397	2	0
398	0	0
399	2	0
400	2	0
401	1	0
402	0	0
403	0	0
404	1	0
405	2	0
406	1	0
407	2	0
408	2	1
409	1	0
410	2	0
411	2	0
412	2	0
413	1	0
414	1	1
415	1	0
416	2	0
417	2	0
418	0	0
419	1	0
420	0	0
421	0	0
422	1	0
423	2	0
424	2	0
425	1	0
426	0	0
427	2	0
428	0	0
429	2	0
430	0	0
431	0	0
432	1	0
433	0	1
434	0	0
435	2	1
436	0	1
437	1	0
438	2	1
439	0	0
440	0	0
441	2	0
442	2	0
443	2	1
444	0	0
445	1	0
446	1	0
447	1	0
448	2	1
449	1	0
450	2	1
451	2	1
452	2	0
453	1	1
454	1	0
455	1	0
456	1	0
457	2	1
458	2	0
459	2	0
460	0	0
461	1	0
462	1	0
463	2	0
464	1	0
465	1	1
466	0	0
467	2	0
468	1	0
469	2	0
470	1	0
471	2	0
472	1	0
473	1	0
474	2	0
475	2	0
476	2	0
477	0	1
478	0	0
479	2	0
480	0	0
481	0	1
482	1	1
483	0	0
484	2	0
485	0	0
486	0	0
487	2	0
488	2	0
489	0	0
490	0	0
491	2	0
492	2	0
493	2	0
494	1	0
495	2	0
496	0	0
497	1	0
498	1	0
499	2	0
500	1	0
501	0	1
502	0	0
503	0	0
504	2	0
505	1	0
506	1	0
507	2	0
508	2	0
509	2	0
510	2	0
511	1	0
512	0	0
513	2	1
514	2	0
515	2	1
516	0	0
517	0	0
518	1	1
519	0	0
520	2	1
521	2	0
522	1	0
523	0	1
524	2	0
525	2	0
526	1	0
527	2	1
528	0	0
529	2	0
530	0	0
531	0	1
532	2	1
533	1	0
534	0	0
535	1	0
536	2	0
537	1	0
538	0	0
539	1	1
540	2	0
541	0	0
542	2	0
543	1	0
544	1	0
545	1	1
546	0	0
547	2	0
548	0	0
549	2	0
550	2	1
551	2	1
552	1	1
553	0	0
554	0	1
555	2	0
556	2	0
557	0	0
558	1	0
559	2	0
560	2	0
561	2	1
562	0	1
563	2	0
564	1	0
565	0	1
566	2	0
567	2	0
568	0	0
569	0	0
570	2	0
571	2	1
572	2	0
573	0	0
574	1	1
575	1	0
576	2	0
577	0	0
578	2	0
579	2	0
580	2	0
581	2	0
582	0	0
583	2	1
584	1	1
585	1	0
586	2	0
587	2	0
588	1	0
589	2	0
590	1	0
591	0	0
592	0	1
593	0	0
594	0	1
595	0	0
596	2	0
597	1	0
598	1	0
599	2	0
600	0	0
601	2	0
602	0	0
603	0	0
604	2	0
605	2	0
606	2	0
607	0	1
608	2	0
609	0	0
610	0	0
611	0	0
612	2	1
613	2	0
614	0	0
615	0	0
616	1	0
617	2	1
618	0	1
619	0	0
620	1	0
621	0	0
622	1	0
623	2	0
624	0	0
625	0	0
626	2	0
627	1	0
628	2	0
629	0	1
630	1	0
631	0	0
632	1	0
633	0	0
634	0	0
635	0	0
636	2	0
637	1	0
638	2	0
639	1	0
640	2	0
641	0	0
642	1	0
643	0	0
644	1	0
645	1	1
646	0	1
647	1	0
648	1	1
649	1	0
650	2	0
651	1	0
652	1	0
653	1	1
654	2	0
655	2	0
656	1	0
657	2	0
658	0	0
659	1	1
660	0	0
661	2	0
662	0	0
663	0	0
664	0	0
665	0	0
666	2	1
667	1	0
668	2	0
669	1	0
670	0	0
671	2	0
672	2	0
673	0	0
674	1	0
675	1	0
676	1	0
677	1	0
678	2	0
679	0	0
680	1	0
681	2	1
682	1	1
683	0	1
684	2	0
685	1	0
686	1	0
687	0	1
688	2	0
689	2	0
690	1	0
691	1	0
692	2	1
693	2	1
694	0	0
695	2	1
696	2	0
697	1	0
698	2	1
699	2	1
700	0	0
701	1	0
702	2	0
703	1	0
704	0	0
705	1	0
706	2	0
707	1	0
708	2	0
709	0	0
710	0	0
711	0	0
712	1	0
713	2	0
714	0	0
715	1	0
716	0	0
717	1	0
718	1	0
719	0	0
720	1	0
721	2	1
722	2	0
723	1	0
724	1	0
725	1	0
726	0	0
727	1	0
728	1	0
729	0	0
730	2	0
731	1	0
732	1	0
733	0	0
734	0	1
735	0	1
736	1	1
737	1	1
738	2	0
739	2	0
740	0	0
741	1	0
742	2	0
743	2	1
744	1	1
745	0	0
746	0	0
747	2	0
748	2	0
749	0	0
750	2	0
751	0	0
752	2	0
753	2	0
754	2	0
755	0	0
756	1	0
757	2	0
758	0	0
759	2	0
760	2	0
761	0	0
762	1	1
763	0	0
764	1	0
765	2	1
766	2	0
767	0	0
768	0	0
769	1	0
770	2	0
771	1	0
772	0	0
773	0	0
774	0	0
775	0	0
776	2	0
777	0	0
778	0	0
779	1	0
780	1	0
781	2	0
782	0	0
783	0	0
784	0	0
785	1	1
786	2	0
787	0	0
788	2	0
789	1	0
790	2	0
791	2	1
792	0	1
793	2	0
794	0	0
795	2	1
796	0	1
797	0	1
798	1	0
799	1	0
800	0	0
801	2	0
802	1	1
803	2	1
804	1	0
805	1	1
806	0	0
807	1	0
808	0	1
809	2	0
810	0	0
811	1	0
812	2	0
813	1	1
814	1	0
815	1	0
816	0	0
817	1	0
818	1	0
819	0	0
820	1	0
821	0	0
822	2	0
823	0	0
824	1	0
825	1	0
826	0	0
827	1	0
828	2	0
829	2	0
830	2	0
831	0	0
832	0	0
833	2	1
834	2	0
835	1	0
836	0	0
837	0	0
838	2	0
839	0	0
840	1	1
841	1	0
842	0	0
843	2	0
844	2	0
845	2	1
846	2	1
847	0	1
848	1	0
849	0	0
850	1	0
851	1	0
852	0	0
853	2	0
854	2	0
855	2	0
856	2	0
857	1	0
858	2	0
859	2	0
860	2	0
861	1	0
862	2	0
863	1	0
864	1	0
865	1	1
866	1	0
867	0	0
868	1	0
869	2	0
870	0	0
871	1	0
872	1	0
873	2	0
874	2	0
875	0	0
876	2	0
877	2	1
878	1	0
879	1	0
880	2	0
881	2	0
882	0	0
883	0	0
884	2	0
885	0	0
886	1	0
887	1	0
888	1	0
889	2	0
890	0	0
891	2	0
892	1	0
893	1	0
894	0	0
895	1	0
896	1	0
897	0	0
898	0	0
899	1	1
900	1	0
901	2	0
902	2	0
903	0	0
904	0	1
905	2	0
906	2	0
907	1	1
908	0	0
909	2	0
910	0	0
911	2	0
912	2	0
913	1	0
914	1	0
915	1	0
916	0	0
917	2	0
918	1	0
919	1	0
920	0	0
921	2	0
922	2	1
923	0	1
924	1	0
925	2	0
926	2	1
927	1	0
928	1	1
929	2	1
930	2	0
931	1	0
932	2	0
933	1	0
934	1	0
935	1	0
936	0	0
937	1	0
938	2	0
939	2	0
940	2	1
941	1	0
942	2	0
943	0	0
944	1	1
945	1	0
946	0	0
947	0	0
948	2	0
949	2	0
950	0	0
951	2	0
952	0	0
953	0	0
954	0	0
955	1	0
956	2	0
957	0	1
958	1	0
959	2	0
960	1	1
961	0	0
962	2	0
963	0	0
964	1	1
965	0	0
966	2	0
967	0	0
968	0	0
969	2	0
970	2	0
971	1	0
972	2	0
973	1	0
974	1	0
975	0	0
976	2	0
977	1	0
978	0	0
979	1	0
980	2	0
981	1	0
982	2	0
983	0	0
984	0	1
985	0	0
986	0	0
987	2	0
988	2	0
989	2	1
990	0	0
991	1	0
992	1	0
993	0	0
994	1	1
995	0	1
996	1	0
997	0	0
998	1	0
999	0	0
1000	2	0
